dev_eval_accuracy = 0.8936906899204924
dev_eval_loss = 0.3850811570882797
dev_h_acc = 0
dev_m_acc = 0.8936906899204924
global_step = 0
