dev_eval_accuracy = 0.8935624519107463
dev_eval_loss = 0.3869610488414764
dev_h_acc = 0
dev_m_acc = 0.8935624519107463
