dev_eval_accuracy = 0.8936906899204924
dev_eval_loss = 0.38508112728595734
dev_h_acc = 0
dev_m_acc = 0.8936906899204924
